A_d =

   0.996955663112125   0.099197935671951                   0                   0                   0
  -0.060713158580025   0.982986665725909                   0                   0                   0
                   0                   0   1.000000000000000   0.099943649486757  -0.000009861339817
                   0                   0                   0   0.998873201466941  -0.000197189743285
                   0                   0                   0                   0   1.000000000000000


B_d =

   1.0e-03 *

                   0
                   0
   0.009861339817488
   0.197189743285371
                   0


A_d =

   0.996955663112125   0.099197935671951                   0                   0                   0
  -0.060713158580025   0.982986665725909                   0                   0                   0
                   0                   0   1.000000000000000   0.099943649486757  -0.000009861339817
                   0                   0                   0   0.998873201466941  -0.000197189743285
                   0                   0                   0                   0   1.000000000000000


E_d =

   0.000026985020147                   0
   0.000538161796088                   0
                   0  -0.000000328742208
                   0  -0.000009861339817
                   0   0.100000000000000


C_d =

     0     1     1     0     0


D_d =

     1